Average: 29.116596363636358 milliseconds
Minimum: 13.898599999999988 milliseconds
Median: 23.924499999999966 milliseconds
Maximum: 240.9484 milliseconds
p(90): 33.800899999999956 milliseconds
p(95): 41.62889999999993 milliseconds