Average: 7.740646600000005 milliseconds
Minimum: 2.622799999999984 milliseconds
Median: 6.946449999999999 milliseconds
Maximum: 388.7513 milliseconds
p(90): 9.040399999999977 milliseconds
p(95): 9.948300000000017 milliseconds