Average: 28.125242857142865 milliseconds
Minimum: 13.991300000000024 milliseconds
Median: 25.287450000000035 milliseconds
Maximum: 193.77800000000002 milliseconds
p(90): 35.20849999999996 milliseconds
p(95): 38.4679000000001 milliseconds