Average: 28.441437500000003 milliseconds
Minimum: 13.345199999999977 milliseconds
Median: 25.079349999999977 milliseconds
Maximum: 217.7840000000001 milliseconds
p(90): 33.343900000000076 milliseconds
p(95): 34.731899999999996 milliseconds