Average: 7.768786300000005 milliseconds
Minimum: 2.9904000000000224 milliseconds
Median: 7.0885000000000105 milliseconds
Maximum: 222.82550000000003 milliseconds
p(90): 9.209000000000003 milliseconds
p(95): 10.023599999999988 milliseconds