Average: 7.863992533333334 milliseconds
Minimum: 3.102800000000002 milliseconds
Median: 7.179849999999988 milliseconds
Maximum: 225.60299999999995 milliseconds
p(90): 9.390899999999988 milliseconds
p(95): 10.196700000000021 milliseconds