Average: 7.901610199999993 milliseconds
Minimum: 2.78570000000002 milliseconds
Median: 7.157499999999999 milliseconds
Maximum: 237.8478 milliseconds
p(90): 9.476800000000026 milliseconds
p(95): 10.298000000000002 milliseconds